2
1
5
20
5
0.7
80
1 0.38 39.65 25.09 41.86 27.03
2 1.26 48.42 42.43 54.87 45.28
3 1.83 31.98 14.98 39.31 13.18
4 2.19 34.33 38.24 27.75 40.98
5 2.91 5.30 41.96 6.07 34.51
6 4.35 35.01 19.91 30.75 17.57
7 5.51 13.29 0.33 6.52 -9.08
8 6.74 28.30 2.78 19.57 1.94
9 8.70 11.86 15.96 18.94 16.21
10 10.48 49.77 45.20 41.27 42.42
11 12.10 19.46 19.89 19.00 24.19
12 12.82 2.92 37.82 1.18 45.28
13 14.42 18.95 38.56 11.77 39.31
14 15.89 37.91 46.70 31.14 45.64
15 16.60 48.12 43.29 43.50 47.60
16 17.17 41.51 48.10 33.94 44.70
17 19.05 33.68 2.35 33.47 10.25
18 19.31 8.40 1.12 15.27 7.61
19 20.46 21.82 1.34 24.66 4.43
20 22.41 13.92 22.62 6.33 19.44
21 23.74 47.97 8.20 48.77 5.37
22 24.45 16.72 44.90 10.89 44.91
23 24.82 45.71 3.53 45.81 7.25
24 25.57 5.61 39.03 -1.00 32.67
25 26.28 46.66 9.96 47.67 18.70
26 28.15 20.40 46.96 14.24 46.09
27 28.42 35.24 18.81 33.44 19.35
28 29.11 20.12 8.35 24.94 14.36
29 29.76 10.31 11.83 17.47 10.53
30 31.13 39.43 40.64 31.66 34.93
31 32.46 7.24 35.27 6.41 38.49
32 33.44 33.06 42.96 24.44 44.45
33 34.81 12.49 8.26 22.04 6.93
34 35.30 19.89 2.68 26.46 -3.23
35 36.83 0.21 38.99 5.40 37.58
36 37.67 17.08 36.04 17.17 37.88
37 39.38 7.87 17.37 9.01 21.04
38 39.96 36.76 15.37 34.35 12.83
39 40.40 16.00 42.87 25.17 47.36
40 41.41 21.17 19.34 19.31 22.19
41 42.03 37.40 44.04 41.52 51.37
42 42.75 37.64 42.30 35.76 46.00
43 43.38 29.94 6.13 24.23 10.29
44 45.14 4.37 11.10 -5.53 20.51
45 45.37 42.57 11.83 36.98 15.08
46 47.36 11.38 14.03 16.92 6.11
47 48.79 18.42 8.25 24.10 9.67
48 49.93 37.64 40.70 36.51 50.60
49 51.02 40.60 32.69 44.95 41.69
50 52.86 24.64 35.67 25.60 44.91
51 53.08 33.36 29.03 29.15 28.91
52 54.20 6.73 14.07 6.40 20.75
53 55.72 32.58 34.02 26.80 42.21
54 57.49 44.41 37.15 52.76 36.81
55 58.99 24.07 9.73 14.89 18.21
56 60.18 10.02 19.41 15.97 20.29
57 61.62 37.89 31.84 30.77 26.01
58 63.60 15.27 27.57 8.38 28.35
59 63.88 12.19 14.84 19.16 15.70
60 65.17 31.40 19.82 26.69 15.58
61 66.12 30.72 25.62 34.05 25.79
62 67.78 42.01 18.16 32.16 11.11
63 69.61 42.57 22.31 45.97 29.62
64 70.11 27.57 11.01 32.30 16.56
65 71.58 46.52 11.80 53.48 11.64
66 72.06 44.79 12.50 37.86 4.15
67 73.17 49.63 26.76 48.98 32.44
68 73.50 0.36 26.61 6.97 33.32
69 74.10 33.26 29.87 24.04 29.34
70 75.44 8.27 14.81 13.55 5.94
71 76.87 19.41 32.24 12.82 40.64
72 77.57 24.40 4.29 22.43 7.18
73 78.46 35.52 0.22 30.35 -6.26
74 79.48 35.22 29.73 41.44 21.14
75 81.19 41.49 41.93 39.09 33.17
76 82.33 32.45 24.11 33.12 28.52
77 82.80 40.16 0.07 36.01 -0.70
78 84.68 17.07 5.51 16.26 -2.14
79 85.41 36.04 2.29 45.95 -5.79
80 86.80 4.25 44.92 0.26 36.70